-373616.384618584 23258.1155367334 -114799.440245403 0 -686.075691797657 0 0 229.653362876224 -4983.49035989757 -93260.476107878 -100405.018289006 -76095.200002855 0 0 2489.78229632455 493.257513005404 -15458.7482490572 0 879.781891243701 3843.75045511247 0 877.723272014679 -130.811109289899 33.6808512561915 288.473685984684 0 -1.07199326843384 0 0 0.484500765561654 -31.122895658087 -97.4290724201526 -185.674314006361 -110.753242160515 0 0 11.5230030196645 -3.67762423733675 -42.9492431869242 0 0.856926868027088 4.26676871844691 0 2.58153903533729 3493862497.21653 -93236.9965093101 567.717942985367 -31559.5814363919 -371157.224582787 -834917.770299131 1660083.67510801 1679816.74581163 -530947.165777458 42683.5134675538 49453.267218263 -48188.1112845728 -50236.4762045013 -54506.4730668077 -67559.1855528435
11.3452906811263 -0.966142371445854 3.76210837239397 0 0.00920865993457144 0 0 -0.00291482788222928 0.335838730324578 2.09926231170969 4.56027544134039 0.600450765252754 0 0 0.670630620313659 0.172846380000046 0.359290675654785 0 -0.0279860678526684 -0.188797789242493 0 -0.0387802193748576 -0.00800133742993281 -0.000614471837230394 -0.0244911000259945 0 1.43885311477679e-05 0 0 -6.14942591187612e-06 0.00224890257263877 0.00166769276817272 0.00815358138284459 0.00116929265712786 0 0 0.00252729520470412 0.000516724799363795 0.00118069291591614 0 -2.38113729561014e-05 -0.000230316131006126 0 -0.000114059468749581 -93236.9965093101 116.229021773788 0.29950984986804 2.66613954432526 19.0956109238145 50.9516123913546 -35.888423496637 -36.8650600160238 22.7534113512886 -1.41137719867778 -1.6435180481348 3.93391110360547 1.01184686597449 2.23639921657975 3.4474737555746
-0.41739065051992 0.103180942813796 -0.105134402977942 0 0.00411076384898807 0 0 -0.00300184671218938 0.024543333534306 -0.0705507866464912 -0.149130090709202 -0.458459811891061 0 0 0.129630787356108 0.126575815603743 0.0792751244667723 0 -0.00500270592137863 -0.0831196236751319 0 -0.0103081496102369 -0.00195155957122981 0.000300042517072183 -0.00221858542260405 0 6.42306851404386e-06 0 0 -6.3330099413278e-06 0.000105018355449081 -7.43217879216095e-05 -0.000178117593670222 -0.000606770895607432 0 0 0.000423311674581643 0.000176144813295247 0.000269011533482341 0 -4.42659881677826e-06 -0.000112638137973993 0 -3.03180870889321e-05 567.717942985367 0.29950984986804 0.381162661277993 1.21379075671235 -2.18970507984938 8.34277352099125 48.2061431331729 48.4883155129214 -4.28355657274039 0.67889023405637 0.348557865297046 -0.916907281340704 -2.97889610312608 -1.75702951199561 -1.67712079133837
3.66756827964483 -0.297299418252343 2.11166016892976 0 0.0328569548546441 0 0 -0.0339661953425497 -0.0535201523940219 2.45213324249576 0.37279260836232 0.0769279286258921 0 0 -1.23376218078476 0.413082959183269 0.525749776202483 0 -0.00522906975642789 -0.576406466087147 0 -0.117451876392053 0.0117589479807085 0.000252944957279006 0.00431759908548591 0 5.13389919603815e-05 0 0 -7.16586399631851e-05 -0.000667679973708739 0.00546644523580687 0.00256972491202967 0.000283360914130911 0 0 -0.00167910421771821 0.000447113629738287 0.00188690964163949 0 -1.87116733563252e-06 -0.000750728693365497 0 -0.000345446695270744 -31559.5814363919 2.66613954432526 1.21379075671235 10.739913029827 3.11317195087771 99.0106528243603 129.419139801523 130.266566495004 9.98865114782869 0.273948493436487 0.140632761425954 -1.04683223129295 -10.1434390667051 -4.39399795068314 -3.40003262535916
91.6606494101412 7.44126834125714 44.6704962277148 0 0.363064168064846 0 0 0.0175161841415534 -0.617445507357918 24.4094253871158 1.38001519442028 9.93187484687558 0 0 -0.0290707431691701 0.96616611948267 4.66636464444458 0 0.163744471988372 -1.76213117499076 0 0.0593612501534115 0.157748926912528 0.0409712279814524 0.00238416750897677 0 0.000567287762601322 0 0 3.69539749821802e-05 -0.00479561428815398 0.044012187366826 0.0262633871376549 0.0180602881112664 0 0 0.0124730974172461 0.00118900116316569 0.0183417848047451 0 0.000338273645365661 -0.00226770758581683 0 0.000174591912215916 -371157.224582787 19.0956109238145 -2.18970507984938 3.11317195087771 812.75704351525 1067.76527078402 381.835086749706 368.500955442747 833.170394718615 -23.0212012431987 -40.1930499848654 81.9909717950325 50.4493272218831 62.7894244410769 88.9729295305018
179.301613120349 7.15900908800352 85.2287705543748 0 0.901270930449991 0 0 -0.312337150401764 -0.683928455337574 60.3448936789173 17.2332235889406 18.1323787259928 0 0 -17.6351198625805 4.77828818365915 12.0932696528381 0 0.474888510649046 -7.33860635853177 0 -1.07438796662433 0.425781066094955 0.0578942457411659 0.125041217349639 0 0.00140823582882811 0 0 -0.0006589391358687 -0.00863692923118468 0.126412103581385 0.0752152890370431 0.0314614345756921 0 0 -0.0215285185593797 0.00576489551192613 0.0453250659380945 0 0.000789605928916104 -0.00954667586358223 0 -0.00315996460771861 -834917.770299131 50.9516123913546 8.34277352099125 99.0106528243603 1067.76527078402 2335.25663061124 946.020885764043 930.801380380003 1209.43967048969 -36.574070736337 -52.5114562609889 120.585258611604 -9.26693504114662 64.744323272563 109.845747243214
-511.287847317596 38.6486507167681 -137.984247331861 0 -1.71860718333584 0 0 0.233759038836538 -6.74521300258471 -88.1777605446607 -135.327514196878 -51.890907608762 0 0 -108.178425569329 27.6238449212045 -20.9061011516108 0 -6.97906928108257 -20.340167932784 0 0.453911808482971 -4.22016183798543 0.0510487395679487 -2.96571726659894 0 -0.00268532372396225 0 0 0.000493162529191008 -0.0472132849671753 -0.559073565704393 -0.184755984337866 -0.0335507504028783 0 0 -0.38262026371424 0.0295050583476277 -0.0900567925806123 0 -0.00811229795578442 -0.0287583031751794 0 0.00133503473083227 1660083.67510801 -35.888423496637 48.2061431331729 129.419139801523 381.835086749706 946.020885764043 48633.1895996596 48667.3660113418 -1776.24602291977 322.482192677174 -164.579206674776 -738.90472756704 -975.710355713139 -1052.07828551138 -1139.07271430728
-514.500303943644 38.906524193242 -139.585069012901 0 -1.71672951119378 0 0 0.230858600340224 -5.93057202497052 -88.6787053491501 -136.323630277356 -53.2017022054691 0 0 -108.138415592485 27.8048827255657 -20.8962790236183 0 -7.01902187982216 -20.3965899023619 0 0.444145316534248 -4.22265231273177 0.051645987036959 -2.97062794262176 0 -0.00268238986124028 0 0 0.000487043460633384 -0.0418684932726236 -0.559882451199751 -0.186431768992848 -0.0351776453784609 0 0 -0.382742340764704 0.0303345808066303 -0.0900140705263783 0 -0.00816279429861946 -0.0288363368741166 0 0.00130630975451249 1679816.74581163 -36.8650600160238 48.4883155129214 130.266566495004 368.500955442747 930.801380380003 48667.3660113418 48773.1419575971 -1796.72879159487 324.326863918091 -164.154574482299 -741.467275077659 -980.224819550632 -1056.11370803495 -1143.94396940388
112.319922993594 3.66846709834456 53.248730139673 0 0.36732421946831 0 0 -0.0567450865880595 -0.771205422457931 32.6735178986292 3.64433145327041 22.2839899626955 0 0 -6.86086169267228 -0.0237113713246017 5.00327658229707 0 0.767709747777589 -1.42920230183192 0 -0.195698233687165 0.355151147879301 0.0343284702277876 0.170704359770539 0 0.000573944092919235 0 0 -0.000119715372548649 -0.00527880639412093 0.0753542721606988 0.0296730444689647 0.0329983694364171 0 0 -0.00100676987074276 -5.67105269128628e-05 0.0192208544226551 0 0.00105923201512485 -0.00172381351122431 0 -0.000575583040256367 -530947.165777458 22.7534113512886 -4.28355657274039 9.98865114782869 833.170394718615 1209.43967048969 -1776.24602291977 -1796.72879159487 1006.31661459555 -44.7835425693128 -38.179908737886 119.762485327369 99.3243327409765 121.674881701204 153.22600143684
-9.78666570857209 0.55374015213155 -3.60573565380073 0 -0.0127016396657251 0 0 0.00576865177828543 -0.082142468497703 -1.96541116058585 -3.28835124352108 -2.4735934431815 0 0 1.17165473379363 0.20174640415224 -0.129960646001436 0 -0.0860790737251978 -0.092258324425963 0 0.0166580029774002 -0.0370356622825553 0.000230553385129916 -0.0244154168513265 0 -1.98463119776954e-05 0 0 1.21701514309819e-05 -0.000627699244868558 -0.00588847057996566 -0.00549001231766072 -0.00336003192212177 0 0 0.00315925690849714 0.000159905662704843 -0.000601769157762249 0 -0.000105026576860875 -0.000138269554178289 0 4.89941264041184e-05 42683.5134675538 -1.41137719867778 0.67889023405637 0.273948493436487 -23.0212012431987 -36.574070736337 322.482192677174 324.326863918091 -44.7835425693128 5.35075755593941 1.24045159095809 -7.86891686397665 -9.95142977736448 -9.9838072975792 -11.6135130666206
-9.32286235714398 -0.339988584851177 -2.18745100926916 0 0.0122013967221129 0 0 0.00834425469479961 -0.147653368450702 -1.79188733703164 -4.08158918515736 -1.5942556469439 0 0 0.508932651953492 -0.0977920410703934 0.046155278295145 0 0.0317487404090506 0.281447772978706 0 0.028924720577051 0.00265391594717946 -0.00109828166612417 0.0114382336467807 0 1.90646823783014e-05 0 0 1.7603912858227e-05 -0.00112476065300255 -0.000388243821369625 -0.00594629043586546 -0.00251758426707067 0 0 0.00163410506773517 -0.000295455532490855 0.000435716568270653 0 3.05901435806089e-05 0.000364145593919509 0 8.50727075795616e-05 49453.267218263 -1.6435180481348 0.348557865297046 0.140632761425954 -40.1930499848654 -52.5114562609889 -164.579206674776 -164.154574482299 -38.179908737886 1.24045159095809 7.40416109439365 -3.2858229832536 -4.48033688196394 -2.64400102262913 -2.13016726392812
15.2881372160221 1.04410502702122 6.3747620210571 0 0.13380461093329 0 0 -0.000676371320502368 -0.0369137902746349 6.02528016460403 4.96753187053696 -0.652025114955505 0 0 -4.11817112218539 -0.537106977006899 1.7136798346196 0 0.151961129115085 0.224270918989372 0 -0.00236498511163233 0.0717257306183657 0.0054867122890499 0.0453214254937058 0 0.000209069704583266 0 0 -1.42694371414002e-06 -0.000583519382293847 0.0203639417130512 0.00888605085396424 -0.00172241466661294 0 0 -0.0126270968976776 -0.000717641543491518 0.00659600694814606 0 0.000190351494824823 0.000331227393394096 0 -6.9558385636245e-06 -48188.1112845728 3.93391110360547 -0.916907281340704 -1.04683223129295 81.9909717950325 120.585258611604 -738.90472756704 -741.467275077659 119.762485327369 -7.86891686397665 -3.2858229832536 41.886230948734 28.4230559072901 34.3094241473804 37.4000396958402
15.3490902137785 -0.919053779999152 2.75221323017481 0 -0.000887161819645592 0 0 0.0105422206157327 0.0396134725642924 3.3013947399084 3.4426608314303 5.23646225816051 0 0 1.81935536407012 -1.22994146240187 -0.0279035555695856 0 0.199708879340595 0.688392159850321 0 0.0365330174536275 0.0811089349442548 -0.00106263813880074 0.0524976346994102 0 -1.38619034319624e-06 0 0 2.22409717631492e-05 0.000785699548112104 0.0111681492898455 0.00454050752034507 0.00631148820874107 0 0 0.00721985735678646 -0.00144741702219949 -0.000218599123166715 0 0.000233109691502499 0.000952838080924648 0 0.000107450051334199 -50236.4762045013 1.01184686597449 -2.97889610312608 -10.1434390667051 50.4493272218831 -9.26693504114662 -975.710355713139 -980.224819550632 99.3243327409765 -9.95142977736448 -4.48033688196394 28.4230559072901 45.2992832926495 37.9414935734738 38.1622066231947
11.1129443675554 -0.325790938990275 3.45718200225529 0 0.0376230927045414 0 0 -0.00485322392014148 -0.0344130267712098 3.87561217513615 1.47177649836591 3.33333153680908 0 0 -1.17107700345825 -0.777727764150017 0.541108037896238 0 0.275901629906464 0.451739022199394 0 -0.0174676704277364 0.0871572351190965 0.00131192118999852 0.0647129278033272 0 5.8786082350846e-05 0 0 -1.02388690298343e-05 1.46387946323196e-05 0.0153570131938373 0.00167758533234254 0.00342861239007332 0 0 -0.00130979079999779 -0.000935466097131891 0.00192739961323135 0 0.000334295186702032 0.000640926800018665 0 -5.13755012580483e-05 -54506.4730668077 2.23639921657975 -1.75702951199561 -4.39399795068314 62.7894244410769 64.744323272563 -1052.07828551138 -1056.11370803495 121.674881701204 -9.9838072975792 -2.64400102262913 34.3094241473804 37.9414935734738 40.2235130749354 42.2901660979802
15.6487078093746 -0.181390625714745 6.06313534385931 0 0.062933964906677 0 0 -0.00551745024051804 -0.0432153213046217 4.55897623574039 2.28096198343999 3.33347582431812 0 0 -1.24564668264761 -0.66705229857312 0.77607207042051 0 0.300089312587702 0.434916977699013 0 -0.0190315251164586 0.103120414479848 0.00298357026904759 0.0725843863909098 0 9.83343201666829e-05 0 0 -1.16401903808398e-05 -0.000133902558571295 0.0180147461688236 0.00390773710475008 0.00359505989646616 0 0 -0.0011627965933423 -0.000789269658895833 0.00310104246616098 0 0.000369409723552844 0.000619712215031992 0 -5.5975073871937e-05 -67559.1855528435 3.4474737555746 -1.67712079133837 -3.40003262535916 88.9729295305018 109.845747243214 -1139.07271430728 -1143.94396940388 153.22600143684 -11.6135130666206 -2.13016726392812 37.4000396958402 38.1622066231947 42.2901660979802 47.1398309062686
12.030647273733 0.254286096256513 5.21234238850363 0 0.0596675744783396 0 0 0.00143338911668089 0.019131393568204 3.13577533737205 2.80138883225286 1.52732576359922 0 0 -1.95020085360157 -0.477331401165589 0.698897282017352 0 0.271907662855471 0.471101584189583 0 0.00492222429022469 0.0837448292577425 0.00379159409324371 0.0611527739123084 0 9.32305851224057e-05 0 0 3.02402767232255e-06 0.000266365803755982 0.0148992589844564 0.00353916303907458 0.00113325897143869 0 0 -0.00459301057518103 -0.000487163248324868 0.00292951591124741 0 0.000339641580322927 0.000662699042340194 0 1.44771302653667e-05 -56588.1626678343 3.63724738426776 -1.37314812336257 -4.54705146103503 88.4301827116915 99.8287426928014 -1054.46991385993 -1059.09335291008 144.895891251563 -10.5739698980645 -2.12944555949182 37.6096640522713 35.0008878380601 40.3208753259248 44.9666102111489
-32.0981429994192 3.4005217204114 -8.38853371739452 0 0.00140056499631408 0 0 0.0113085604132526 0.869263548578549 -7.33046167624481 12.8317397829845 -14.275834663491 0 0 -20.9417423857835 2.13738247610393 0.0964081524088143 0 -0.252205236233045 -0.296305647607638 0 0.0389155214386639 -0.188238306722071 -0.000361477963743982 -0.0841264249995972 0 2.18838280674075e-06 0 0 2.38577223908283e-05 0.00505520204878315 -0.0179925369420732 0.00844709696040904 -0.0197529714992564 0 0 -0.082226365203142 0.00330722350925265 5.64454210639247e-05 0 -0.000296343064575447 -0.000488658510385489 0 0.00011445741599607 98940.9838220621 -2.7612497751355 4.5058997064122 2.58108926349485 -165.286824371512 -169.400759607512 1324.90695346117 1333.90690419388 -243.490889197286 15.032207689073 2.65283070344879 -13.0766887645352 -59.1634802672123 -42.3437934580821 -46.8090195724059
-16.4469372751242 0.0449408561984944 -10.8416704606588 0 -0.049119233973378 0 0 -0.0596008714652487 0.730415428489031 -5.97425130946878 10.872343084979 -9.64370911350704 0 0 -1.07017356942007 1.69064136363529 -0.537112710805253 0 -0.318700194604337 -1.08540109059159 0 -0.205539453931558 -0.120924214243945 -0.00498245715597646 -0.0845348590429537 0 -7.67488030834031e-05 0 0 -0.000125740235158752 0.00432644800778067 -0.0186169141129224 0.00788301547229307 -0.0135782242616656 0 0 -0.0089057504638792 0.00258385755800222 -0.00244301854172678 0 -0.000393808975413668 -0.00145548588355967 0 -0.000604527805681054 -529.771794573117 2.98283473223729 4.16220683127097 16.2456038835206 -200.043163510991 -123.349187451986 939.264891451452 949.25447724322 -251.844238405835 14.81090737013 2.13112635029105 -30.4456930757689 -51.6559982464729 -42.6158145630419 -49.6179934907288
8.20094626337792 1.7206396063985 4.49168417008287 0 0.116707065010034 0 0 0.00327577173881904 0.119083491552579 3.81516354347157 2.33091884505311 -2.26573436225698 0 0 -3.78759461704893 0.0103293705776205 1.5152079142675 0 0.0942447584834995 0.0255318766655729 0 0.0114888293821807 0.0394295274674026 0.00682127445960057 0.0232723597191641 0 0.000182354789078178 0 0 6.91091084139037e-06 0.000408264057320964 0.0139847548177387 0.00462807757326647 -0.00355079968057085 0 0 -0.0124408383529345 0.000117324354061574 0.00578758032109458 0 0.000128208592416602 5.02652316712811e-05 0 3.37906746534726e-05 -23707.754109637 3.49864071433394 0.133519979403215 -0.214684057971149 82.7850032094676 124.73760252069 -360.638825647159 -362.089079131226 100.664886887846 -4.23895881885545 -2.83277827091261 33.0654452278723 16.0112128203428 23.6256875538554 26.6861226234966
21.1512585094298 2.04485780421386 5.34240959616773 0 0.0559974638248696 0 0 -0.013071551936517 0.609500833517284 1.34511221018959 13.6753378098903 -3.89830188511718 0 0 1.27695403513137 1.09412650884997 0.704224084770857 0 -0.206277074150096 -0.834532796346827 0 -0.0450785295754651 -0.0294009775018491 0.00580631880672808 -0.0545826087408972 0 8.74960372263587e-05 0 0 -2.75771137901202e-05 0.00365849267943404 -0.00283073744320066 0.0193777601763361 -0.00454670585170182 0 0 0.000593270367471691 0.0018982792922973 0.00262823492386309 0 -0.000223974986940706 -0.00110664173815912 0 -0.000132583910516074 -99944.5154950374 6.89845478809289 1.7691465710156 4.53914945521328 45.9661660189479 101.907564525684 511.337580948909 512.891183807358 15.2172656618097 3.14929517163068 -8.2960721289156 3.02070195251562 -13.9966639044694 -8.86391169759814 -7.89836849509633
7.70662152186707 -0.511878554976058 5.1899243149665 0 0.025048074564521 0 0 -0.0240222357642175 0.0509597838267893 3.68399476039796 1.61802908784223 2.87949439969664 0 0 -5.49024142175127 0.262450070934604 0.4377865952121 0 -0.0284772639312039 -0.300507919407042 0 -0.085938169744469 -0.00477328505631757 0.00185419263035943 -0.00520585600853763 0 3.91376165070641e-05 0 0 -5.06798222873787e-05 0.000202326377748992 0.00550724738872495 0.00353080977886065 0.0042526172163184 0 0 -0.0160844013148007 0.000390181573196683 0.00141092121043196 0 -2.43020582131913e-05 -0.000342720321848984 0 -0.00025275932277785 -145950.15551042 5.46303633179666 0.127496111765447 6.61403183687902 24.2215461839955 95.579602615561 -72.7953926223511 -73.8721237359383 44.9202490710023 -3.44551590192308 -0.0944918589686554 5.50022241741649 -0.68170343840147 4.55224989659713 7.56685456189946
50.9104011741768 -6.43106464494522 14.1718887758016 0 -0.339358074032658 0 0 0.0245045714177031 0.522061461050318 8.48708447936376 20.4268392117636 34.7935386238594 0 0 -16.8994814782119 -4.15070841424646 -3.69484643168622 0 1.0369946920122 2.87844198284248 0 0.0845064191881536 0.221678976551088 -0.0179001448517384 0.214828675733564 0 -0.000530246990676027 0 0 5.16974080542259e-05 0.00739586505119909 0.0224012297650496 0.0163565993680769 0.0446865137344399 0 0 -0.0512829261727623 -0.00409192925393934 -0.0157440328513914 0 0.00124912669950286 0.00401000061997895 0 0.000248548291729863 -396639.225179206 1.28670892870673 -12.8437830296629 -46.9793008998644 170.202368464756 -98.9853451502105 -3775.65596715278 -3798.98891545544 413.781469954306 -50.2533708707472 -28.184329757029 89.8674329306803 172.186571859417 146.257457500189 146.975630362691
13.4721960802973 0.558411680174624 4.92158358579306 0 0.0745542105515299 0 0 0.00152593986714881 0.0634708562472791 4.14736142851111 3.3167175359806 1.33132304149575 0 0 -1.87986317462744 -0.487366642017129 0.951221091758352 0 0.179133736744414 0.288119443631189 0 0.00600334618680634 0.0691192400841385 0.00369875240289868 0.0446111092012278 0 0.000116490953986765 0 0 3.21928242014516e-06 0.00041133795417763 0.0147261619369735 0.0057309843538982 0.00114522923415484 0 0 -0.00511453960431038 -0.000516741800755954 0.00365534905564853 0 0.000223310396947509 0.000410919816321807 0 1.76569005494304e-05 -43926.6597479651 2.92578764845521 -1.14693229804073 -3.31129827965059 77.4880378235553 91.9605735352022 -714.938326766581 -718.248824213447 116.439363834462 -7.98534513823236 -3.29764223141523 33.9122499464866 29.7420344472487 32.5959196584896 35.312254934269
-6.06608921291346 1.970582279172 -8.416617657644 0 0.00212336141855648 0 0 -0.0140199795165999 0.884879091078354 -5.8658235916956 12.8959547177505 -12.1885023300671 0 0 4.15392444132985 1.57635930109807 0.0439799725360304 0 -0.326665440052859 -0.733914103165237 0 -0.0483492751553773 -0.0893327366456997 -0.00126063988224756 -0.0776385842240447 0 3.31775221649451e-06 0 0 -2.95780158578057e-05 0.00515096616417628 -0.0165995934132438 0.0128960434679234 -0.0166507923560254 0 0 0.00391884552263529 0.00252807403634422 -4.74446945092439e-05 0 -0.000403510003205736 -0.00105763724940425 0 -0.000142203750456992 71112.5566949155 -0.511650851539412 4.33063127487724 6.44703965202699 -188.483287284341 -195.281035367744 969.120203395231 978.89460552668 -268.183039957434 17.7401491038764 4.65557225741002 -32.9362517717661 -53.0702828424408 -47.180807154022 -53.6716845976901
21.1067352238851 2.03992650620664 5.33121181534364 0 0.0560131964465196 0 0 -0.0130607262740311 0.612680666907093 1.35143541231426 13.6769038712279 -3.90173534125319 0 0 1.23891906079883 1.09415762754182 0.70546209969463 0 -0.206182526658572 -0.833955242194485 0 -0.0450411962160513 -0.0296053046274105 0.00576727924056577 -0.0546522276862401 0 8.75206194476869e-05 0 0 -2.75542748397281e-05 0.00367951004840654 -0.00281579807521194 0.0193710958299413 -0.00455016819457368 0 0 0.000464839122102935 0.00190072974625546 0.00263168810942059 0 -0.000223859609847511 -0.00110588539632011 0 -0.000132474106517798 -99980.2211190092 6.89408630399201 1.76883843955861 4.54064388159902 45.9114432866493 101.859563198474 511.957058839848 513.52722940776 15.1598719406928 3.14702941245511 -8.29494826199129 3.03378665887058 -14.0221149311476 -8.87321040265807 -7.90711613683844
-496.973861211158 6.90682699431331 -150.867475160533 0 -0.52964142036855 0 0 -0.364447794079967 -2.22832935274999 -91.0585468724525 -122.221391505583 -110.482769005604 0 0 -23.3067549214972 19.3063805308048 -6.66886418466792 0 -3.18295760343672 -11.0190569338499 0 -1.25683398145335 -1.68217132259336 -0.0243714636566839 -0.919378384131585 0 -0.000827564719325861 0 0 -0.000768877202700354 -0.0226412674504427 -0.246596451465232 -0.206829220917968 -0.147841066450296 0 0 -0.08443946653253 0.0208060511434155 -0.0264488985959226 0 -0.00388418973498955 -0.0152539523454113 0 -0.00369657053368631 1589831.72060047 -34.9937535419084 54.3385642268478 201.18494944097 -1721.89677962794 -760.636294421085 16608.6986289064 16714.4714261907 -2533.85578359617 213.567561858866 113.959482102005 -506.339952107404 -758.006707638739 -639.400779391879 -688.494113787039
511.325230597862 -7.68612267989839 156.754942085584 0 0.58867175767411 0 0 0.34569774665446 2.33161268407835 97.9657673032512 124.755922870952 114.112997068378 0 0 18.5599882903987 -19.4755421513927 7.74314174831611 0 3.15978490249435 10.9761963684234 0 1.19217260294856 1.70697389703832 0.0199544324552403 0.938859924934079 0 0.000919799621365796 0 0 0.000729320140621224 0.0230580292667878 0.257847804737581 0.21222976113013 0.152615507550887 0 0 0.0696227228068828 -0.021014256092454 0.0295624037178279 0 0.00384669731147142 0.0152353594492247 0 0.00350639000867223 -1714263.23611477 37.0063627478197 -54.2501715971179 -198.455407105783 1708.61564528958 781.779970531149 -16862.8626938623 -16969.187696659 2542.54066203101 -215.933066822091 -112.930036976865 514.249654493731 762.59697675437 647.310187676971 696.515200492484
0.419260775347112 0.0146294502489841 0.0266705200493474 0 0.00154868486429636 0 0 -0.000753035920051675 0.0107133099601438 0.0515917019058417 0.292462779162236 -0.0330445094862847 0 0 0.00463686225760926 0.00666840238742083 0.0254512654904645 0 0.0117532143649738 0.00883640259200248 0 -0.00190427252987214 0.00298899393185785 -4.72510853486808e-05 0.00234641321910282 0 2.41982010046306e-06 0 0 -1.58868337563644e-06 6.95793876918534e-05 0.000437275222821146 0.000242986412542184 -0.000116846642942294 0 0 -5.45353432861575e-05 1.92570065834385e-05 7.15788775356651e-05 0 1.43495480684043e-05 1.09569939230895e-05 0 -5.60080155844747e-06 -1963.61616408594 -0.549705408846076 0.0393229951575773 -0.0839291473751138 -1.21995097946923 -0.852992199431612 -41.5467947490967 -41.6613375288639 0.699015532419578 -0.179223488580261 0.0892242654951103 0.870655616331079 0.565999935283262 1.00947200869947 1.04747827457058
4.423324680091 0.102593611328725 1.31263907588405 0 0.00598597253357663 0 0 0.00717285746617502 0.0555643999316038 0.125234358718787 2.30113824738479 -0.0306275599969082 0 0 0.595090608149354 -0.0415477052924401 -0.0224104125638575 0 -0.0446401499609516 0.0284740182385026 0 0.0286573582696016 -0.00362242387125863 0.000542811626351969 -0.00907066519743326 0 9.35308208371349e-06 0 0 1.5132610688133e-05 0.000379910678907114 -0.000875767676558338 0.00386919389160201 0.000258002136608705 0 0 0.001098175192866 -2.06675170023919e-06 8.50720451630641e-05 0 -5.20274194102446e-05 3.61655617209758e-05 0 8.42863478517695e-05 -4963.08938804862 -2.24571081855173 -0.350356957915984 -1.57733174990455 15.3092330934449 4.15933432363627 88.0870695420718 87.4943823488625 8.55716908680443 -0.368904447823269 -1.51524311809153 0.593418759819479 1.51953072995823 -0.791750464496685 -0.465513905571603
0.058441844501005 -0.011029994196368 0.0285534660183077 0 -2.48173689864146e-05 0 0 -0.000301959555969213 -0.000529436774761511 0.0428945361204497 0.000977011963298972 0.0431558927436529 0 0 -0.0436989638640863 -0.00155129931586267 0.00200240427043951 0 0.00125873346714832 -0.00214158576836942 0 -0.00112214323788843 0.000326898897256682 -2.0408492322326e-05 0.000312929928255033 0 -3.87771390412728e-08 0 0 -6.37045476728297e-07 -2.44269977572616e-06 9.33114475204356e-05 6.19491126914951e-06 5.59646729406262e-05 0 0 -0.000113582935777659 -2.00609718084822e-06 1.9143722936787e-06 0 1.54094228764165e-06 -2.54090834964713e-06 0 -3.30042128790715e-06 -730.068134967775 0.0168877338599085 -0.00352512644345292 0.0418995852096656 0.263806962984939 0.850924897008951 -2.84143263359382 -2.85553697503627 0.617552063149558 -0.0489315720852274 -0.0382974723368941 0.110499544183091 0.113742176369951 0.145252942243591 0.148717824042771
2.58854171465062 -0.800158768957854 0.288064939717463 0 0.0415759919670305 0 0 -0.0143590107914551 -0.00942299945778072 0.245573229405423 4.70332810586254 -1.22684816909515 0 0 -1.03572557025259 0.203766555810712 0.433068201010794 0 -0.15321202736219 -0.134977111340997 0 0.0478683481346755 -0.0310933030083602 -4.60863321671627e-05 -0.0332005011599578 0 6.49624874484852e-05 0 0 -3.02932717119305e-05 -0.000154793547978591 -0.00163550788829997 0.0074780045048462 -0.00166182591720339 0 0 -0.00374549264151203 0.00021264006018466 0.00180089459240185 0 -0.000186957981224808 -0.00012913517240535 0 0.000140789259219634 -79662.3827999037 1.00047315544274 0.690019828765441 2.06171898239342 -13.2518327556044 3.45763158406916 110.711252065811 111.02268526829 -22.0962748659568 1.14128020523079 -0.241819457476384 2.21958022417425 -5.39606660977563 -3.577502858436 -4.14060581246902
-6.96848299232777 -0.0537245796329495 -1.90394371075905 0 -0.0372547431830786 0 0 -0.00376169413582097 -0.116315466637018 -2.60433978206461 0.887353175568655 -0.156269204135357 0 0 -1.92208493781759 -0.120720042053437 -0.368693957213235 0 -0.14829270060257 -0.392358633649284 0 -0.0280767160124335 -0.0669859699755209 -0.00227148871789286 -0.0466407669291614 0 -5.82105362235604e-05 0 0 -7.93606357768136e-06 -0.000465254095109024 -0.0104896841284683 -0.000295130263260965 -0.000263938498267977 0 0 -0.00389090030811917 -0.000210661535364507 -0.00166913157473424 0 -0.000176670250738503 -0.000463618498095509 0 -8.25785765071572e-05 -53091.2830934846 0.94330798193568 0.324730199205156 0.701983583215843 -34.1797312466758 -46.270684464469 138.337210175394 139.015966613338 -42.1649886776828 2.16856691013282 0.813722847806053 -7.79906320768124 -7.4485792198728 -7.33996472485964 -8.39788300666198
-0.0449442828189613 0.00255544399557956 -0.0304402661452315 0 6.38700654889782e-05 0 0 -4.57092520462104e-05 -0.000984937746073695 -0.0161721843481353 0.00758531717804296 -0.0199250487775523 0 0 0.00895134449082076 0.00182436040601572 -0.000881990394047428 0 0.000750362647773302 0.00155871498769943 0 0.0002164400727044 -7.05722347177209e-06 -1.71365670308106e-05 5.85861732650567e-05 0 9.97969773265285e-08 0 0 -9.64330211945367e-08 -7.21819071382982e-06 -8.50429644739572e-06 -1.46422426507671e-05 -3.48854473038261e-05 0 0 1.71605955525822e-05 1.56008782990544e-06 -5.33289271371784e-06 0 9.04019046281072e-07 1.81158528948724e-06 0 6.36588449130589e-07 266.3757135181 -0.299513535822026 0.00810405772949365 -0.00789743818820298 -0.395627965452798 -0.458167252171539 -1.36182422794894 -1.38019975577775 -0.360639666757175 0.0131676861103523 0.0305765568575184 0.0259334255074902 -0.0188288469680385 0.0166975437823126 0.0126464830200228
-5.59907234772563 -1.03840259349102 -4.00616499880739 0 -0.0289576834284744 0 0 -0.0104264616346586 0.0387374824410784 -1.27908065916318 1.48623004317642 0.0742622491443595 0 0 -1.06984627991296 0.0906997615662083 -0.162410285473673 0 0.0758401214146484 0.255639048758841 0 -0.0251920923158165 -0.020613985859081 -0.00449555799311835 -0.00679016524946355 0 -4.52463803569913e-05 0 0 -2.19967545034992e-05 0.000399501360330087 -0.00246169544796273 -0.00118886881612457 -0.000839114430943084 0 0 -0.00447903883625111 0.000162164543643305 -0.00119197206958628 0 8.67529246735386e-05 0.000325345679746408 0 -7.40943891641662e-05 -23533.3031222143 -12.5950754196659 0.568097654632026 -0.0193301293531183 -62.5024957452355 -70.4885973220057 -230.317077033561 -230.68938129334 -51.4808106481537 0.463548330759656 3.36604095703741 -0.260661079749529 -1.42768742610234 1.55731402575053 0.366178637740801
-0.112622096363316 0.0101855286546675 -0.0308441497903041 0 -0.000329087917235513 0 0 -0.000227802459651222 -0.00215331198781869 0.00169743651417343 -0.0504197559571918 -0.00825498265245442 0 0 -0.027101505244466 0.00687425317363646 -0.00168585090390357 0 -0.00127912004796226 -0.00830324631428435 0 -0.000780501430521927 -0.000690967464606239 1.61634970432957e-05 -0.000459270707409394 0 -5.14199870680489e-07 0 0 -4.80595906437176e-07 -1.48774912487942e-05 -6.46770325561927e-05 -7.23287008140723e-05 -6.2549411395445e-06 0 0 -6.79677484940447e-05 7.21484168791199e-06 -1.31899510188885e-05 0 -1.41603565753426e-06 -1.10728067791524e-05 0 -2.29559244271155e-06 50.6984288345003 -0.0271511062237924 0.0131828662038069 0.0751273631773167 0.287554860452367 0.923807830904431 9.13286318177943 9.15753497051525 -0.00671077921935877 0.0597610544518554 -0.0721882187253876 -0.0839857859714428 -0.163731244753431 -0.142350573118468 -0.168020932515635
0.0070955324302757 -0.000262580013772164 0.00340937817174889 0 9.54195103243171e-06 0 0 1.0700648121563e-06 -2.95835387178819e-05 0.00171886858720866 0.000447508541344783 0.00252124136216884 0 0 -0.00065441110538765 -7.53383715827768e-05 6.96341754663358e-05 0 6.22494781188144e-05 -0.000120247258410279 0 -1.79961375445715e-06 6.3016898552853e-06 -1.3290985880722e-07 2.47948569286643e-07 0 1.49092984881745e-08 0 0 2.25752070075168e-09 -2.04465444186281e-07 9.92817259083406e-07 2.81919270069787e-06 3.989661813944e-06 0 0 -1.31117918940033e-06 -8.34823798997161e-08 4.33527343317897e-08 0 7.93314647987552e-08 -1.50451652121786e-07 0 -5.29298163075632e-09 -44.5263845899341 0.00145888945117572 -5.76677507427788e-05 0.00120700347941723 0.0264013357575499 0.0443298063811832 0.125205795663603 0.124607375264868 0.0278254979431154 -0.000541667633589784 -0.000693098271518257 0.000904983437137604 0.00281079634748963 0.00210415278704378 0.00305991310501567
2.57792387336924 0.0210099944739581 1.08441495000382 0 0.0112411836541428 0 0 -0.000686378202862926 0.00508571458126319 0.92639081792869 0.269555302659573 0.425158676325118 0 0 -0.267545862545823 0.0123980125518725 0.140782350445301 0 -0.00132107778755997 -0.0434752310755334 0 -0.0050845796427179 0.0035394343459517 0.000328615825801991 0.00019860128489603 0 1.75643494595981e-05 0 0 -1.44805528030153e-06 -1.47102282774581e-05 0.0015124636697491 0.0011081523730758 0.00069998167100762 0 0 -0.000739800955642831 1.65813112661361e-05 0.000484383746551783 0 -5.00342377550446e-07 -5.54956582702228e-05 0 -1.49546460079938e-05 -11774.8829194329 0.390939361217068 -0.0422256759239726 0.686552249854441 9.84230505247647 18.5327947052695 23.4092613078909 23.2609486929769 10.1800602835691 -0.348497897005457 -0.440664676779112 0.7482149742066 0.00376515978984263 0.13357989244427 0.52904880924196
2.53078361033425 -0.563543220812052 0.460710405888091 0 -0.00999500751938143 0 0 -0.0119899973274255 -0.0665461705346992 1.02610969259799 -0.684768436520994 2.0356640222853 0 0 0.607641863465975 -0.163736200375163 -0.0792308048627704 0 0.0638030330950178 -0.0419868866734961 0 -0.0413486823721495 0.0220891816471875 -0.000914383066793212 0.0155481129928481 0 -1.56171992490335e-05 0 0 -2.52953530114461e-05 -0.000328768807765661 0.00279988518103717 -0.0006236439605574 0.00261724310855968 0 0 0.00378848722643053 -0.000242102740981734 -0.000426039754251134 0 7.54111402122004e-05 -4.24933476077368e-05 0 -0.000121613771682793 -17745.8963352673 0.484312512399259 -0.297770230543118 1.34616834045862 6.49680065861579 23.2910605414365 -181.212392766548 -181.965301077234 22.2563015240879 -2.10313344010568 -0.765237106011198 2.52588202672962 6.36909303586435 6.08645536147854 6.1178047863895
13.263445348956 -1.03641932043622 4.05055524135602 0 0.0653683461896846 0 0 -0.0342297327453968 0.436536171129942 4.54608105145244 9.17277807251772 0.0970798804050957 0 0 -4.70097473711471 0.422477431752812 0.953742129393623 0 -0.103135733148222 -0.487922370696582 0 -0.118491081100208 0.00216023214886949 -0.00305768215467752 -0.00591402398190134 0 0.000102138040921382 0 0 -7.22146260451409e-05 0.00229402642300311 0.00751444919367503 0.0154175236160729 0.000627179569131835 0 0 -0.0176873701660733 0.00073945119371591 0.00332924580050197 0 -0.000134954981200895 -0.000649032598547932 0 -0.000348503179706494 -69302.2199575295 2.2151933875315 1.24201087892384 10.5242494035905 -70.3151656952014 7.765076697865 277.691469040597 280.988214897273 -77.6684425694099 1.94638884443449 2.23524138235721 -9.75672983070723 -21.3938074736459 -17.564693170995 -18.0243196590083
12.1878708263438 -0.854943798397022 3.6459103135205 0 0.0653035230437553 0 0 -0.0314965655617744 0.41327562329153 4.18538823027671 8.66013684397935 -0.252956606577999 0 0 -4.30792231650431 0.428142792825666 0.935690135372938 0 -0.111673177831474 -0.478373489856279 0 -0.108610681237752 -0.000370749098435702 -0.00269304188733938 -0.00803896620785191 0 0.000102036754755868 0 0 -6.64484505522667e-05 0.00213350003161976 0.00682539747086255 0.0147274520111248 0.000174848233128157 0 0 -0.0164571204863839 0.00072576103972841 0.00330009470071595 0 -0.000145424823293099 -0.000639394304839599 0 -0.000319443180111035 -58714.095561247 1.8228979323037 1.25231056306022 10.1610493399442 -69.5590555173906 3.83429459907652 314.684111222675 318.096335271128 -80.2538464249936 2.43386871457794 2.41114351929867 -10.506275125903 -22.1094282244186 -18.6126949099971 -19.1229342945957
12.2099156107687 -0.851267499183642 3.66645167583994 0 0.065601585140274 0 0 -0.0313763084882829 0.413720805955163 4.18086389926303 8.67930340728627 -0.266476186679519 0 0 -4.31447292295568 0.423238713469153 0.938166729180632 0 -0.111441931202828 -0.47453302939686 0 -0.107863327458957 -0.000458331178539686 -0.00267869241488191 -0.00810256989574957 0 0.000102502476781678 0 0 -6.61947436461664e-05 0.00213675377787244 0.00680389449246534 0.0147407877108818 0.000154751311294133 0 0 -0.01648013632768 0.000719727870905952 0.00330680490938351 0 -0.000145219343400242 -0.00063349592200502 0 -0.000317245080761638 -59090.7788610408 1.83330778246224 1.24631345888423 10.1444322832815 -69.7028066116283 3.59559431645626 309.901108652153 313.305422028869 -80.1815167441536 2.39899837898235 2.42012941841684 -10.4194391578842 -21.9992370654193 -18.5027958520025 -19.0117064320013
12.5570245667239 -0.880918497164299 3.74691638516581 0 0.066930764725019 0 0 -0.031607288574675 0.413313705283474 4.325492411317 8.74301783611334 -0.186941614634477 0 0 -4.31745500664707 0.410026188532349 0.962471505257898 0 -0.113717438649651 -0.471807381798177 0 -0.108697002202643 0.000415297452637449 -0.00277270481573583 -0.00771707106582282 0 0.000104579319882842 0 0 -6.66820434064874e-05 0.00213023368795942 0.00709673916747086 0.0149105607974988 0.000264668394883457 0 0 -0.0165189379124167 0.000700742134281294 0.00338069541696655 0 -0.00014823485830052 -0.000629593705321548 0 -0.00031969706530189 -60627.7102741182 1.80762879733152 1.22948330887985 10.1028287030823 -70.1725990918073 2.65414325406471 306.250701832037 309.660224135405 -80.5857492642425 2.38680549236596 2.42482177239935 -10.3547201518858 -21.8586451777596 -18.4482578434288 -18.999521810288
12.4451112292629 -0.839455922775592 3.78402351591131 0 0.0672445349636308 0 0 -0.0311391719968382 0.425441195955556 4.16165938112994 8.93656338448935 -0.312084114118298 0 0 -4.4466058872218 0.429461074704764 0.954732101223933 0 -0.112252658019072 -0.466124197398332 0 -0.106352007585616 -0.000880889498693609 -0.0026269701161816 -0.00849487251797108 0 0.000105069585880673 0 0 -6.56944556895321e-05 0.00220874043572411 0.00679359208487944 0.0150829336320806 8.9612239807137e-05 0 0 -0.0170134012743148 0.000736814154236968 0.00338475272119211 0 -0.000145959712591078 -0.000622706253436 0 -0.000312800022310635 -59734.5463499202 1.87384645968653 1.26521403549758 10.0933198119189 -69.9014592835222 3.32706604042533 307.638466867097 311.020464737294 -80.4942608171368 2.34279816226791 2.50074918044217 -10.1841552593046 -22.1394703789715 -18.5294221190078 -18.9730473647969
12.1524293607061 -0.830051021734549 3.70555643030077 0 0.06591407377814 0 0 -0.0310048932541011 0.426662719100684 4.02707170888478 8.92911903883468 -0.409259541315785 0 0 -4.40606978963519 0.438488127505022 0.927715859817079 0 -0.114250059557715 -0.470747772257111 0 -0.106715519760564 -0.00117508439713888 -0.00261795564141555 -0.00847308164850317 0 0.000102990740278344 0 0 -6.54111672027448e-05 0.00222164417991277 0.0065811023021623 0.0150283626471936 -3.70648313252494e-05 0 0 -0.0168812148939287 0.000750414155263056 0.00330624920976039 0 -0.000148233281853995 -0.000629016991713616 0 -0.000313869175766365 -57896.4803561802 1.90166378688791 1.27487996779188 10.0980923437761 -70.13168583735 2.99307868059863 310.237903459512 313.625300487753 -80.881109100309 2.37008004413903 2.5302393345347 -10.3296083171463 -22.2650029738591 -18.6462728845408 -19.0728299772607
179.803920069955 7.22194018246411 85.4752928526317 0 0.901508969312561 0 0 -0.316263198137121 -0.758075031202568 60.4237871539275 17.2994330335758 18.1868266020589 0 0 -17.6024728129082 4.77272258044394 12.1312189321497 0 0.476070846035641 -7.33376994933435 0 -1.07430009106221 0.426687741258179 0.0581298322622505 0.125868692637038 0 0.00140860776455088 0 0 -0.000667221936998145 -0.00913445322416624 0.126519457434155 0.0752611526697576 0.0315163304024394 0 0 -0.0214727052533695 0.00570069310784832 0.0454664442757408 0 0.000791059427456924 -0.00954044215834132 0 -0.00315970615018296 -836462.894869499 50.5129489571892 8.29948222295914 98.9395247355916 1066.8568103565 2333.72617293807 932.689905352381 917.362584091857 1208.73553347119 -36.829584482431 -52.8714788324196 119.006709111582 -10.7288342779758 63.2593879097283 108.318141888768
